000011000011000011110111011101000001000011111111100011111111000011100011011101011111000011111111011101100011000001111111000001000001100011000011111111000001100011000011111111000011000011110111000001011011111111111111011011000011111111111111
101011011111011111101011011101011111011111111111110111111111011111011101011101011111011101111111001101011101110111111111011111110111011101011011111111011111011101011011111111011101011111101011110111011011111111111111011011011111111111111111
100011000011011111000001011101000001000011111111110111111111011111011101011101011111011101111111010101011101110111111111000001110111011101000011111111000111011101000011111111011101000011000001110111000011111111111111000011000011111111111111
101011011111011111011101011101111101011111111111110111111111011111011101011101011111011101111111011001011101110111111111111101110111011101011111111111011111011101011011111111011101011111011101110111011011100111111111011011011111111111111111
000011000011000011011101000001000001000011111111100011111111000011100011000001000011000011111111011101100011110111111111000001110111100011011111111111011111100011011101111111000011000011011101110111011011100111111111011011000011111111111111
111111111111111111111111111111111111111111111111111111111111111111111111111111111111111111111111111111111111111111111111111111111111111111111111111111111111111111111111111111111111111111111111111111111111111111111111111111111111111111111111
010111100011011101000011011111011101111111000001000001100011000011000011000011000011111111000001100011000011111111011101000011111111111111000001011011000011111111000011110111000011000011100011110111000011000011111111011011000011011111000011
001111110111001101011101011111101011111111011111110111011101011011011011011111011101111111011111011101011011111111001001011111111111111111110111011011011111111111011111101011011011011011110111101011011111011111111111011011011111011111011101
011111110111010101011101011111110111111111000001110111011101000011000011000011011101111111000111011101000011111111010101000011111111111111110111000011000011111111011111000001000011000011110111000001010001000011111111000011000011011111011101
001111110111011001011101011111110111111111111101110111011101011111011111011111011101111111011111011101011011111111011101011111111011111111110111011011011111111111011111011101011011011011110111011101011101011111111111011011011111011111011101
010111100011011101000011000011110111111111000001110111100011011111011111000011000011111111011111100011011101111111011101000011110111111111110111011011000011111111000011011101011101011101100011011101000001000011111111011011000011000011000011
111111111111111111111111111111111111111111111111111111111111111111111111111111111111111111111111111111111111111111111111111111111111111111111111111111111111111111111111111111111111111111111111111111111111111111111111111111111111111111111111
000011011101000001111111110111011101000001000001111111100011011101000011000001000011011111011101000011000001111111111111110111011101000011111111100011011101011101100011000011000001110111011111100011000001011101111111111111011101000011111111
101011011101110111111111110111011101011111110111111111011101011101011011011111011111011111011101011111011111111111111111101011001101011101111111110111001001001001011101011011110111101011011111110111110111101011111111111111011101011111111111
100011011101110111111111110111011101000001110111111111011101011101000011000001000011011111011101000011000001111111111111000001010101011101111111110111010101010101011101000011110111000001011111110111110111110111111111111111010101000011111111
101011011101110111111111010111011101111101110111111111011101011101011011111101011111011111101011011111111101111011111111011101011001011101111111110111011101011101011101011011110111011101011111110111110111110111111011111111001001011111111111
000011000001110111111111000111000001000001110111111111100011000001011101000001000011000011110111000011000001110111111111011101011101000011111111100011011101011101100011011101110111011101000011100011110111110111110111111111011101000011111111
111111111111111111111111111111111111111111111111111111111111111111111111111111111111111111111111111111111111111111111111111111111111111111111111111111111111111111111111111111111111111111111111111111111111111111111111111111111111111111111111
000001011111100011011101011111011101111111000011000011100011011101000011111111111111011011000011111111010111011101000011011101111111011101100011111111011011110111000001000001000011111111111111110111011101000011111111100011111111111111111111
011111011111011101011101011111101011111111011101011011011101011101011111111111111111011011011111111111001111001101011111011101111111001101011101111111011011101011011111110111011111111111111111101011001101011101111111110111111111111111111111
000001011111011101010101011111110111111111011101000011011101011101000011111111111111000011000011111111011111010101000011010101111111010101011101111111000011000001000001110111000011111111111111000001010101011101111111110111111111111111111111
111101011111011101001001011111110111111111011101011011011101101011011111100111111111011011011111111111001111011001011111001001111111011001011101111111011011011101111101110111011111100111111111011101011001011101111111110111111111111111111111
000001000011100011011101000011110111111111000011011101100011110111000011100111111111011011000011111111010111011101000011011101111111011101100011111111011011011101000001110111000011100111111111011101011101000011111111100011111111111111111111
111111111111111111111111111111111111111111111111111111111111111111111111111111111111111111111111111111111111111111111111111111111111111111111111111111111111111111111111111111111111111111111111111111111111111111111111111111111111111111111111
011011110111000011111111000011011101000001111111110111011101110111011101111111011101011101111111011111110111000011100011000011111111111111110111011101000011111111011101011101111111011111000011100011000001011101000011000011111111111111111111
011011101011011101111111011011011101110111111111101011011101101011101011111111001001101011111111011111101011101011011101011011111111111111101011001101011101111111001001101011111111011111011111110111011111011101011011011111111111111111111111
000011000001011101111111000011011101110111111111000001010101000001110111111111010101110111111111011111000001100011011101000011111111111111000001010101011101111111010101110111111111011111000011110111000001011101000011000011111111111111111111
011011011101011101111111011111011101110111111111011101001001011101110111111111011101110111111111011111011101101011011101011011100111111111011101011001011101111111011101110111111111011111011111110111111101011101011011011111111111111111111111
011011011101000011111111011111000001110111111111011101011101011101110111111111011101110111111111000011011101000011100011011101100111111111011101011101000011111111011101110111111111000011000011100011000001000001011101000011111111111111111111
111111111111111111111111111111111111111111111111111111111111111111111111111111111111111111111111111111111111111111111111111111111111111111111111111111111111111111111111111111111111111111111111111111111111111111111111111111111111111111111111
000001100011100011111111111111000001100011000011111111011011100011000001111111000011100011011101100011011111100011000001011101111111111111011101000011111111000011110111000001000001000011000011111111000001011011000011111111111111111111111111
110111011101011101111111111111011111011101011011111111011011110111011111111111011111110111011101110111011111110111110111101011111111111111011101011111111111011011101011011111011111011111011101111111110111011011011111111111111111111111111111
110111011101011101111111111111000111011101000011111111000011110111000001111111011111110111011101110111011111110111110111110111111111111111010101000011111111000011000001000001000001000011011101111111110111000011000011111111111111111111111111
110111011101011101100111111111011111011101011011111111011011110111111101111111011111110111101011110111011111110111110111110111111011111111001001011111111111011111011101111101111101011111011101111111110111011011011111111111111111111111111111
110111100011100011100111111111011111100011011101111111011011100011000001111111000011100011110111100011000011100011110111110111110111111111011101000011111111011111011101000001000001000011000011111111110111011011000011111111111111111111111111
111111111111111111111111111111111111111111111111111111111111111111111111111111111111111111111111111111111111111111111111111111111111111111111111111111111111111111111111111111111111111111111111111111111111111111111111111111111111111111111111
000001000011011011100011100011011111111111111111011101011011000011000011000011111111000011011011100011011111000011000011000011011101111111000001000001000011100011011101000011111111110111000001111111000011000011000011000011000001000001111111
011111011111011011011101011101011111111111111111011101011011011111011011011111111111011111011011110111011111011101011011011111001101111111011111110111011011011101011101011111111111101011110111111111011011011111011111011111011111011111111111
000001011111000011011101011101011111111111111111010101000011000011000011000011111111011111000011110111011111011101000011000011010101111111000001110111000011011101011101000011111111000001110111111111000011000011011111000011000001000001111111
111101011111011011011101011101011111100111111111001001011011011111011011011111111111011111011011110111011111011101011011011111011001111111111101110111011011011101101011011111111111011101110111111111011011011111011111011111111101111101100111
000001000011011011100011100011000011100111111111011101011011000011011101000011111111000011011011100011000011000011011101000011011101111111000001110111011101100011110111000011111111011101110111111111011101000011000011000011000001000001100111
111111111111111111111111111111111111111111111111111111111111111111111111111111111111111111111111111111111111111111111111111111111111111111111111111111111111111111111111111111111111111111111111111111111111111111111111111111111111111111111111
100011011101111111000001011011000011111111000011100011011101000011111111111111011101000011111111000011110111000001000001000011000011111111000001011011000011111111000001100011000011011111000011000001111111100011000001111111111111111111111111
110111001101111111110111011011011111111111011011110111001101011111111111111111011101011111111111011011101011011111011111011111011101111111110111011011011111111111011111110111011111011111011101011111111111011101011111111111111111111111111111
110111010101111111110111000011000011111111000011110111010101010001111111111111010101000011111111000011000001000001000001000011011101111111110111000011000011111111000111110111000011011111011101000001111111011101000111111111111111111111111111
110111011001111111110111011011011111111111011011110111011001011101111011111111001001011111111111011111011101111101111101011111011101111111110111011011011111111111011111110111011111011111011101111101111111011101011111111111111111111111111111
100011011101111111110111011011000011111111011101100011011101000001110111111111011101000011111111011111011101000001000001000011000011111111110111011011000011111111011111100011000011000011000011000001111111100011011111111111111111111111111111
111111111111111111111111111111111111111111111111111111111111111111111111111111111111111111111111111111111111111111111111111111111111111111111111111111111111111111111111111111111111111111111111111111111111111111111111111111111111111111111111
000011110111000001100011011101000011111111000011000011110111100011011101111111111111011101000011111111000011110111000001000001000011000011111111000001011011000011111111000001000011000001000001100011011101000011111111000001011101011101111111
011111101011111011110111001101011111111111011111011011101011110111001101111111111111011101011111111111011011101011011111011111011111011101111111110111011011011111111111011111011111110111110111110111001101011111111111011111011101001101111111
010001000001110111110111010101010001111111010001000011000001110111010101111111111111010101000011111111000011000001000001000001000011011101111111110111000011000011111111000001000011110111110111110111010101010001111111000001011101010101111111
011101011101101111110111011001011101111111011101011011011101110111011001100111111111001001011111111111011111011101111101111101011111011101111111110111011011011111111111111101011111110111110111110111011001011101111111111101011101011001111011
000001011101000001100011011101000001111111000001011101011101100011011101100111111111011101000011111111011111011101000001000001000011000011111111110111011011000011111111000001000011110111110111100011011101000001111111000001000001011101110111
111111111111111111111111111111111111111111111111111111111111111111111111111111111111111111111111111111111111111111111111111111111111111111111111111111111111111111111111111111111111111111111111111111111111111111111111111111111111111111111111
100011000011111111000011110111000001011011000011000011111111111111011011000011111111000011110111000001000001000011000011111111011101000001111111111111000001011011000011111111000011000011011101000001111111000011000011000011011101111111111111
011101011011111111011011101011110111011011011111011011111111111111011011011111111111011011101011011111011111011111011101111111011101011111111111111111110111011011011111111111011101011111011101011111111111011111011011011111011101111111111111
011101000011111111000011000001110111000011000011000011111111111111000011000011111111000011000001000001000001000011011101111111011101000001111111111111110111000011000011111111011101000011010101000001111111010001000011000011010101111111111111
011101011011111111011011011101110111011011011111011011100111111111011011011111111111011111011101111101111101011111011101111111011101111101111011111111110111011011011111111111011101011111001001111101111111011101011011011111001001111111111111
100011011101111111011101011101110111011011000011011101100111111111011011000011111111011111011101000001000001000011000011111111000001000001110111111111110111011011000011111111000011000011011101000001111111000001011101000011011101111111111111
111111111111111111111111111111111111111111111111111111111111111111111111111111111111111111111111111111111111111111111111111111111111111111111111111111111111111111111111111111111111111111111111111111111111111111111111111111111111111111111111
100011011101100011011101000011000011100011011101000011111111110111011101000011111111000011011011100011011111011111111111111111000001100011000011111111100011011101011111011101111111000011100011000001000001110111011101000011000011111111111111
011101011101110111011101011111011011110111001101011111111111101011001101011101111111011111011011110111011111011111111111111111011111011101011011111111011101001101011111101011111111011111011101011111011111101011001001011111011011111111111111
010101011101110111011101000011000011110111010101010001111111000001010101011101111111011111000011110111011111011111111111111111000111011101000011111111011101010101011111110111111111010001011101000001000001000001010101000011000011111111111111
011001011101110111101011011111011011110111011001011101111111011101011001011101111111011111011011110111011111011111100111111111011111011101011011111111011101011001011111110111111111011101011101111101111101011101011101011111011011111111111111
100001000001100011110111000011011101100011011101000001111111011101011101000011111111000011011011100011000011000011100111111111011111100011011101111111100011011101000011110111111111000001100011000001000001011101011101000011011101111111111111
111111111111111111111111111111111111111111111111111111111111111111111111111111111111111111111111111111111111111111111111111111111111111111111111111111111111111111111111111111111111111111111111111111111111111111111111111111111111111111111111
011101011101111111000011100011011101011101111111111111011101011101111111000001100011000011000011000011000001111111100011011101011111011101111111000001011101011111011111000011111111111111011101000011111111000011110111011101000001000011000011
001001101011111111011111011101011101001101111111111111001001101011111111110111110111011011011011011111110111111111011101001101011111101011111111110111011101011111011111011111111111111111011101011111111111011011101011011101011111011111011101
010101110111111111010001011101010101010101111111111111010101110111111111110111110111000011000011000011110111111111011101010101011111110111111111110111011101011111011111000011111111111111010101000011111111000011000001011101000001000011011101
011101110111111111011101011101001001011001100111111111011101110111111111110111110111011111011111011111110111111111011101011001011111110111111111110111011101011111011111011111111011111111001001011111111111011111011101011101111101011111011101
011101110111111111000001100011011101011101100111111111011101110111111111110111100011011111011111000011110111111111100011011101000011110111111111110111000001000011000011000011110111111111011101000011111111011111011101000001000001000011000011
111111111111111111111111111111111111111111111111111111111111111111111111111111111111111111111111111111111111111111111111111111111111111111111111111111111111111111111111111111111111111111111111111111111111111111111111111111111111111111111111
000011000011000001100011000011000011111111110111111111011011100011011101000001000011111111000001011011110111000001111111000001000011000011011101000011000011111111111111110111111111000001011101000011011111011111100011011101000011111111111111
101011011111011111011101011011011111111111101011111111011011011101011101011111011111111111110111011011101011110111111111011111011111011111001001011111011101111111111111101011111111011111011101011111011111011111110111001101011111111111111111
100011000011000111011101000011000011111111000001111111000011011101011101000001000011111111110111000011000001110111111111000001000011000011010101000011011101111111111111000001111111000001010101000011011111011111110111010101010001111111111111
101011011111011111011101011011011111111111011101111111011011011101011101111101011111111111110111011011011101110111111111111101011111011111011101011111011101111011111111011101111111111101001001011111011111011111110111011001011101111111111111
000011000011011111100011011101000011111111011101111111011011100011000001000001000011111111110111011011011101110111111111000001000011000011011101000011000011110111111111011101111111000001011101000011000011000011100011011101000001111111111111
111111111111111111111111111111111111111111111111111111111111111111111111111111111111111111111111111111111111111111111111111111111111111111111111111111111111111111111111111111111111111111111111111111111111111111111111111111111111111111111111
100011000001111111000001011011000011111111000011000011100011011101011101000011111111111111000001011011000011111111000011100011100011000001111111011101110111000001111111000001000011110111000011000011000011011111011101111111111111111111111111
011101011111111111110111011011011111111111011111011011011101011101001101011101111111111111110111011011011111111111011011011101011101011111111111011101101011011111111111011111011111101011011011011111011111011111101011111111111111111111111111
011101000111111111110111000011000011111111010001000011011101011101010101011101111111111111110111000011000011111111000011011101011101000111111111010101000001000001111111000001011111000001000011011111000011011111110111111111111111111111111111
011101011111111111110111011011011111111111011101011011011101011101011001011101111011111111110111011011011111111111011011011101011101011111111111001001011101111101111111111101011111011101011011011111011111011111110111111111111111111111111111
100011011111111111110111011011000011111111000001011101100011000001011101000011110111111111110111011011000011111111011101100011100011011111111111011101011101000001111111000001000011011101011101000011000011000011110111111111111111111111111111
111111111111111111111111111111111111111111111111111111111111111111111111111111111111111111111111111111111111111111111111111111111111111111111111111111111111111111111111111111111111111111111111111111111111111111111111111111111111111111111111
011101100011000001100011000011011111000011111111111111000001011011000011111111000011100011000011011101100011000011000011111111000011011101000001111111110111111111011101100011011101011101000011111111111111000001100011011101000011000011111111
011101110111011111110111101011011111011111111111111111110111011011011111111111011111011101011011001101110111011111011111111111101011011101110111111111101011111111001001011101011101001101011101111111111111011111110111001101011111011111111111
011101110111000001110111100011011111000011111111111111110111000011000011111111011111011101000011010101110111011111000011111111100011011101110111111111000001111111010101011101011101010101011101111111111111000001110111010101011111000011111111
101011110111111101110111101011011111011111100111111111110111011011011111111111011111011101011011011001110111011111011111111111101011011101110111111111011101111111011101011101011101011001011101111011111111111101110111011001011111011111111111
110111100011000001100011000011000011000011100111111111110111011011000011111111000011100011011101011101100011000011000011111111000011000001110111111111011101111111011101100011000001011101000011110111111111000001100011011101000011000011111111
111111111111111111111111111111111111111111111111111111111111111111111111111111111111111111111111111111111111111111111111111111111111111111111111111111111111111111111111111111111111111111111111111111111111111111111111111111111111111111111111
000001011011000011011101111111000001100011000001111111000011000011011101000001011101000011100011000011000001111111111111110111011101000011111111011101000011000001111111000011110111000011011011111111000001000011000011011111000001111111111111
110111011011011111001101111111110111110111011111111111011111011111001101110111011101011011110111011111011111111111111111101011001101011101111111101011011111110111111111011111101011011111011011111111011111011111011111011111011111111111111111
110111000011000011010101111111110111110111000001111111011111000011010101110111011101000011110111000011000001111111111111000001010101011101111111110111000011110111111111000011000001011111000011111111000111000011000011011111000001111111111111
110111011011011111011001111111110111110111111101111111011111011111011001110111011101011011110111011111111101100111111111011101011001011101111111110111011111110111111111011111011101011111011011111111011111011111011111011111111101111111111111
110111011011000011011101111111110111100011000001111111000011000011011101110111000001011101100011000011000001100111111111011101011101000011111111110111000011110111111111000011011101000011011011111111011111000011000011000011000001111111111111
111111111111111111111111111111111111111111111111111111111111111111111111111111111111111111111111111111111111111111111111111111111111111111111111111111111111111111111111111111111111111111111111111111111111111111111111111111111111111111111111
000001011011100011000011000001000011000011111111000001011011110111011101111111000001011011000011111111000011110111011101111111111111100011111111000001100011000011000001000001111111000001011101000011011101100011000001000011000011111111111111
011111011011011101011011110111011111011011111111110111011011101011001101111111110111011011011111111111011101101011101011111111111111110111111111011111110111011011011111110111111111011111011101011011001001110111011111011111011101111111111111
000001000011011101000011110111000011000011111111110111000011000001010101111111110111000011000011111111011101000001110111111111111111110111111111000111110111000011000001110111111111000001011101000011010101110111000001000011011101111111111111
111101011011011101011011110111011111011011111111110111011011011101011001111111110111011011011111111111011101011101110111111011111111110111111111011111110111011011111101110111111111111101011101011011011101110111111101011111011101111111111111
000001011011100011011101110111000011011101111111110111011011011101011101111111110111011011000011111111000011011101110111110111111111100011111111011111100011011101000001110111111111000001000001011101011101100011000001000011000011111111111111
111111111111111111111111111111111111111111111111111111111111111111111111111111111111111111111111111111111111111111111111111111111111111111111111111111111111111111111111111111111111111111111111111111111111111111111111111111111111111111111111
000001011011000011111111011011100011000011000001000011000001111111011011000011110111000011000001111111111111011101000011000011000011111111000001100011011101110111000011000011111111000011000001000011000011011101100011000001011101111111111111
110111011011011111111111011011011101011011011111011111011111111111011011011111101011011101011111111111111111011101011111011011011111111111110111011101011101101011011011011101111111011111110111011111011011001101110111110111101011111111111111
110111000011000011111111000011011101000011000001000011000001111111000011000011000001011101000001111111111111010101000011000011000011111111110111011101010101000001000011011101111111000011110111000011000011010101110111110111110111111111111111
110111011011011111111111011011011101011011111101011111111101111111011011011111011101011101111101111011111111001001011111011011011111111111110111011101001001011101011011011101111111011111110111011111011011011001110111110111110111111011111111
110111011011000011111111011011100011011101000001000011000001111111011011000011011101000011000001110111111111011101000011011101000011111111110111100011011101011101011101000011111111000011110111000011011101011101100011110111110111110111111111
111111111111111111111111111111111111111111111111111111111111111111111111111111111111111111111111111111111111111111111111111111111111111111111111111111111111111111111111111111111111111111111111111111111111111111111111111111111111111111111111
000011011101100011011111011101111111000011100011000011010111100011011101000001100011011101000001111111111111111111111111111111111111111111111111111111111111111111111111111111111111111111111111111111111111111111111111111111111111111111111111
011111001001110111011111101011111111011101110111011111001111110111001101011111011101001101001101111111111111111111111111111111111111111111111111111111111111111111111111111111111111111111111111111111111111111111111111111111111111111111111111
000011010101110111011111110111111111011101110111011111011111110111010101000001011101010101010101111111111111111111111111111111111111111111111111111111111111111111111111111111111111111111111111111111111111111111111111111111111111111111111111
011111011101110111011111110111111111011101110111011111001111110111011001111101011101011001011001111111111111111111111111111111111111111111111111111111111111111111111111111111111111111111111111111111111111111111111111111111111111111111111111
000011011101100011000011110111111111000011100011000011010111100011011101000001100011011101000001111111111111111111111111111111111111111111111111111111111111111111111111111111111111111111111111111111111111111111111111111111111111111111111111
111111111111111111111111111111111111111111111111111111111111111111111111111111111111111111111111111111111111111111111111111111111111111111111111111111111111111111111111111111111111111111111111111111111111111111111111111111111111111111111111





























































































































